
Start Tour 1
(72, 541.829) (72, 0) (60, 0) (60, 509.774) (48, 477.719) (48, 0) (36, 0) (36, 445.664) (24, 413.61) (24, 0) (12, 0) (12, 381.555) (0, 349.5) (0, 0) (0, 699) (0, 349.5) (12, 381.555) (12, 699) (24, 699) (24, 413.61) (36, 445.664) (36, 699) (48, 699) (48, 477.719) (60, 509.774) (60, 699) (72, 699) (73, 0) (87, 0) (87, 534) (100, 531) (100, 0) (114, 0) (114, 528) (127, 527) (127, 0) (141, 0) (141, 525) (154, 524) (154, 0) (168, 0) (168, 524) (73, 546) (73, 699) (87, 699) (87, 555) (101, 558) (101, 699) (115, 699) (115, 561) (129, 563) (129, 699) (143, 699) (143, 564) (157, 565) (157, 699) (171, 699) (171, 565) (185, 566) (185, 699) (199, 699) (199, 566) (213, 565) (213, 699) (227, 699) (227, 565) (241, 564) (241, 699) (255, 699) (255, 562) (269, 560) (269, 699) (283, 699) (283, 557) (169, 133) (180, 138) (180, 182.85) (190, 225.177) (190, 140) (201, 141) (201, 270.455) (211, 312.465) (211, 143) (211, 524) (211, 312.465) (200, 266.41) (200, 523) (190, 523) (190, 225.177) (179, 178.772) (179, 523) (169, 524) (169, 0) (183, 0) (183, 127) (197, 124) (197, 0) (211, 0) (211, 122) (226, 121) (226, 0) (240, 0) (240, 120) (254, 119) (254, 0) (268, 0) (268, 118) (282, 117) (282, 0) (296, 0) (296, 116) (310, 115) (310, 0) (325, 0) (325, 115) (339, 114) (339, 0) (353, 0) (353, 114) (367, 114) (367, 0) (381, 0) (381, 113) (395, 113) (395, 0) (409, 0) (409, 113) (424, 113) (424, 0) (438, 0) (438, 112) (452, 112) (452, 0) (466, 0) (466, 112) (480, 112) (480, 0) (494, 0) (494, 112) (508, 112) (508, 0) (522, 0) (522, 113) (537, 113) (537, 0) (551, 0) (551, 113) (565, 113) (565, 0) (579, 0) (579, 114) (593, 114) (593, 0) (607, 0) (607, 114) (621, 115) (621, 0) (636, 0) (636, 115) (650, 116) (650, 0) (664, 0) (664, 117) (678, 118) (678, 0) (692, 0) (692, 119) (706, 120) (706, 0) (720, 0) (720, 121) (735, 122) (735, 0) (749, 0) (749, 124) (763, 127) (763, 0) (777, 0) (777, 132) (284, 557) (284, 667) (296, 609) (296, 553) (307, 546) (307, 663) (295, 665) (295, 614.125) (284, 667) 
End Tour 1

Start Tour 2
(284, 699) (284, 668) (298, 671) (298, 699) (312, 699) (312, 672) (326, 673) (326, 699) (340, 699) (340, 674) (354, 675) (354, 699) (368, 699) (368, 675) (382, 676) (382, 699) (396, 699) (396, 676) (410, 677) (410, 699) (424, 699) (424, 677) (437, 677) (437, 699) (451, 699) (451, 678) (465, 678) (465, 699) (479, 699) (479, 678) (493, 678) (493, 699) (507, 699) (507, 678) (521, 678) (521, 699) (535, 699) (535, 679) (549, 679) (549, 699) (563, 699) (563, 679) (577, 679) (577, 699) (591, 699) (591, 679) (605, 679) (605, 699) (619, 699) (619, 679) (633, 679) (633, 699) (647, 699) (647, 678) (661, 678) (661, 699) (675, 699) (675, 678) (689, 678) (689, 699) (703, 699) (703, 678) (717, 678) (717, 699) (731, 699) (731, 677) (744, 677) (744, 699) (758, 699) (758, 677) (772, 676) (772, 699) (786, 699) (786, 676) (800, 675) (800, 699) (814, 699) (814, 675) (828, 674) (828, 699) (842, 699) (842, 673) (856, 672) (856, 699) (870, 699) (870, 671) (884, 668) (884, 699) (212, 143) (212, 316) (222, 284.035) (222, 144) (233, 145) (233, 254.844) (243, 229.891) (243, 146) (243, 304) (243, 229.891) (233, 254.844) (233, 306) (222, 309) (222, 284.035) (212, 316) (223, 343.987) (223, 324) (234, 327) (234, 366.575) (246, 389.853) (246, 329) (257, 331) (257, 411.132) (268, 432.719) (268, 333) (268, 529) (268, 432.719) (257, 411.132) (257, 527) (246, 526) (246, 389.853) (234, 366.575) (234, 525) (223, 524) (223, 343.987) (212, 317) (212, 524) (741, 142) (741, 316.5) (753, 258.362) (753, 140) (765, 138) (765, 199.905) (777, 137.808) (777, 133) (777, 659) (777, 137.808) (765, 199.905) (765, 659) (753, 658) (753, 258.362) (741, 316.5) (741, 658) (778, 0) (778, 659) (790, 659) (790, 0) (801, 0) (801, 660) (269, 435) (269, 529) (282, 531) (282, 442) (294, 445) (294, 535) (307, 543) (307, 448) (308, 663) (308, 448) (319, 449) (319, 662) (329, 662) (329, 451) (340, 452) (340, 661) (874, 0) (874, 665) (884, 667) (884, 0) (896, 0) (896, 599.707) (908, 0) (919, 0) (919, 457.957) (930, 0) (930, 699) (930, 390.163) (919, 699) (907, 699) (907, 531.913) (896, 699) (885, 699) (885, 667.5) (244, 227) (244, 146) (258, 147) (258, 221) (272, 218) (272, 148) (285, 148) (285, 216) (299, 215) (299, 149) (313, 150) (313, 214) (327, 213) (327, 150) (340, 151) (340, 212) (354, 211) (354, 151) (368, 151) (368, 210) (382, 210) (382, 152) (395, 152) (395, 210) (409, 209) (409, 152) (423, 152) (423, 209) (437, 209) (437, 153) (450, 153) (450, 209) (464, 209) (464, 153) (478, 153) (478, 210) (492, 210) (492, 153) (505, 153) (505, 210) (519, 211) (519, 152) (533, 152) (533, 212) (547, 213) (547, 152) (560, 152) (560, 214) (574, 215) (574, 152) (588, 151) (588, 216) (602, 218) (602, 151) (615, 150) (615, 221) (629, 227) (629, 150) (629, 295) (629, 228) (615, 234) (615, 294) (601, 293) (601, 237) (588, 239) (588, 293) (574, 292) (574, 240) (560, 241) (560, 292) (546, 291) (546, 242) (533, 243) (533, 291) (519, 291) (519, 244) (505, 245) (505, 290) (491, 290) (491, 245) (478, 245) (478, 290) (464, 290) (464, 246) (450, 246) (450, 290) (436, 291) (436, 246) (423, 246) (423, 291) (409, 291) (409, 246) (395, 245) (395, 292) (381, 292) (381, 245) (368, 245) (368, 293) (354, 293) (354, 244) (340, 243) (340, 294) (326, 295) (326, 242) (313, 241) (313, 296) (299, 297) (299, 240) (285, 239) (285, 298) (271, 300) (271, 237) (258, 234) (258, 302) (244, 304) (244, 228) 
End Tour 2

Start Tour 3
(269, 434) (269, 333) (283, 334) (283, 426) (297, 423) (297, 336) (311, 337) (311, 421) (325, 419) (325, 338) (339, 339) (339, 417) (353, 416) (353, 340) (367, 340) (367, 415) (380, 414) (380, 341) (394, 341) (394, 413) (408, 413) (408, 342) (422, 342) (422, 412) (436, 412) (436, 342) (450, 343) (450, 412) (464, 411) (464, 343) (478, 343) (478, 411) (492, 411) (492, 343) (506, 343) (506, 411) (520, 412) (520, 342) (534, 342) (534, 412) (548, 412) (548, 342) (562, 341) (562, 413) (576, 413) (576, 341) (590, 340) (590, 414) (603, 415) (603, 339) (617, 339) (617, 416) (631, 417) (631, 338) (645, 337) (645, 419) (659, 421) (659, 335) (673, 334) (673, 423) (687, 426) (687, 332) (701, 330) (701, 434) (630, 150) (630, 227.5) (644, 236.2) (644, 149) (658, 149) (658, 246.135) (671, 254.671) (671, 148) (685, 147) (685, 264.832) (699, 275.346) (699, 146) (713, 145) (713, 286.212) (726, 297.683) (726, 144) (740, 142) (740, 315.27) (726, 308) (726, 297.683) (712, 285.541) (712, 305) (699, 303) (699, 275.346) (685, 264.832) (685, 301) (671, 299) (671, 254.671) (657, 244.862) (657, 297) (644, 296) (644, 236.2) (630, 227.5) (630, 295) (702, 330) (702, 434.5) (715, 398.093) (715, 328) (727, 325) (727, 363.201) (740, 319.794) (740, 658) (740, 319.794) (727, 363.201) (727, 658) (715, 657) (715, 398.093) (702, 434.5) (702, 657) (802, 0) (802, 373) (814, 0) (826, 0) (826, 203) (838, 192) (838, 0) (849, 0) (849, 203) (861, 243) (861, 0) (873, 0) (873, 373) (861, 243) (849, 203) (837, 192) (826, 203) (814, 243) (802, 660) (814, 660) (814, 547) (826, 587) (826, 661) (838, 662) (838, 598) (849, 587) (849, 662) (861, 663) (873, 417) (873, 665) (341, 452) (341, 546) (352, 494) (352, 453) (363, 454) (363, 494) (374, 546) (374, 454) (374, 546) (363, 494) (352, 494) (341, 546) (341, 661) (352, 660) (352, 620) (363, 620) (363, 660) (374, 660) (374, 568) (931, 363) (931, 0) (942, 0) (942, 258) (952, 240) (952, 0) (963, 0) (973, 363) (973, 0) (973, 699) (973, 405) (962, 699) (952, 699) (952, 528) (941, 507) (941, 699) (931, 699) (931, 405) 
End Tour 3

Start Tour 4
(375, 660) (375, 454) (388, 455) (388, 659) (401, 659) (401, 456) (415, 456) (415, 658) (428, 658) (428, 457) (441, 457) (441, 658) (454, 657) (454, 457) (455, 657) (455, 576) (466, 634) (466, 657) (477, 657) (477, 634) (488, 576) (488, 657) (488, 458) (488, 553) (477, 495) (477, 458) (466, 458) (466, 495) (455, 553) (455, 457) (489, 657) (489, 458) (503, 458) (503, 657) (517, 657) (517, 457) (530, 457) (530, 656) (544, 656) (544, 457) (558, 456) (558, 656) (559, 565) (559, 656) (572, 656) (572, 609) (584, 616) (584, 656) (597, 656) (597, 607) (609, 565) (609, 656) (609, 453) (609, 549) (596, 505) (596, 454) (584, 455) (584, 498) (571, 507) (571, 456) (559, 456) (559, 549) (610, 453) (610, 656) (623, 656) (623, 452) (636, 451) (636, 656) (649, 657) (649, 450) (662, 448) (662, 657) (675, 657) (675, 445) (688, 442) (688, 657) (701, 657) (701, 435) (974, 384) (974, 0) (987, 0) (987, 375.538) (1000, 367.075) (1000, 0) (1013, 0) (1013, 358.613) (1026, 350.151) (1026, 0) (455, 553) (466, 495) (477, 495) (488, 553) (559, 549) (572, 505) (584, 498) (597, 507) (609, 549) (974, 384) (974, 699) (987, 699) (987, 375.538) (1000, 367.075) (1000, 699) (1013, 699) (1013, 358.613) (1026, 350.151) (1026, 699) 
End Tour 4

Start Tour 1
(76, 191.319) (76, 5) (58, 5) (58, 206.069) (40, 220.819) (40, 5) (23, 5) (23, 234.75) (5, 249.5) (5, 5) (5, 494) (5, 249.5) (23, 234.75) (23, 494) (41, 494) (41, 220) (58, 206.069) (58, 494) (76, 494) (76, 191.319) (77, 188) (77, 5) (98, 5) (98, 171) (119, 165) (119, 5) (139, 5) (139, 161) (160, 158) (160, 5) (181, 5) (181, 157) (202, 157) (202, 5) (223, 5) (223, 158) (244, 161) (244, 5) (264, 5) (264, 165) (285, 171) (285, 5) (306, 5) (306, 494) (285, 494) (285, 210) (264, 216) (264, 494) (244, 494) (244, 220) (223, 223) (223, 494) (202, 494) (202, 224) (181, 224) (181, 494) (160, 494) (160, 223) (139, 220) (139, 494) (119, 494) (119, 216) (98, 210) (98, 494) (77, 494) (77, 193) 
End Tour 1

Start Tour 2
(494, 249.186) (494, 5) (473, 5) (473, 242.596) (452, 236.005) (452, 5) (432, 5) (432, 229.729) (411, 223.138) (411, 5) (390, 5) (390, 216.548) (369, 209.957) (369, 5) (349, 5) (349, 203.681) (328, 197.09) (328, 5) (307, 5) (307, 190.5) (307, 494) (328, 494) (328, 197.09) (349, 203.681) (349, 494) (369, 494) (369, 209.957) (390, 216.548) (390, 494) (411, 494) (411, 223.138) (432, 229.729) (432, 494) (452, 494) (452, 236.005) (473, 242.596) (473, 494) (494, 494) (494, 249.186) 
End Tour 2

Start Tour 1
(76, 191.319) (76, 5) (58, 5) (58, 206.069) (40, 220.819) (40, 5) (23, 5) (23, 234.75) (5, 249.5) (5, 5) (5, 494) (5, 249.5) (23, 234.75) (23, 494) (41, 494) (41, 220) (58, 206.069) (58, 494) (76, 494) (76, 191.319) (77, 188) (77, 5) (98, 5) (98, 171) (119, 165) (119, 5) (139, 5) (139, 161) (160, 158) (160, 5) (181, 5) (181, 157) (202, 157) (202, 5) (223, 5) (223, 158) (244, 161) (244, 5) (264, 5) (264, 165) (285, 171) (285, 5) (306, 5) (306, 494) (285, 494) (285, 210) (264, 216) (264, 494) (244, 494) (244, 220) (223, 223) (223, 494) (202, 494) (202, 224) (181, 224) (181, 494) (160, 494) (160, 223) (139, 220) (139, 494) (119, 494) (119, 216) (98, 210) (98, 494) (77, 494) (77, 193) 
End Tour 1

Start Tour 2
(307, 190.5) (307, 5) (328, 5) (328, 197.09) (349, 203.681) (349, 5) (369, 5) (369, 209.957) (390, 216.548) (390, 5) (411, 5) (411, 223.138) (432, 229.729) (432, 5) (452, 5) (452, 236.005) (473, 242.596) (473, 5) (494, 5) (494, 249.186) 
End Tour 2

Start Tour 3
(307, 494) (307, 190.5) (328, 197.09) (328, 494) (349, 494) (349, 203.681) (369, 209.957) (369, 494) (390, 494) (390, 216.548) (411, 223.138) (411, 494) (432, 494) (432, 229.729) (452, 236.005) (452, 494) (473, 494) (473, 242.596) (494, 249.186) (494, 494) 
End Tour 3

Start Tour 1
(76, 191.319) (76, 5) (58, 5) (58, 206.069) (40, 220.819) (40, 5) (23, 5) (23, 234.75) (5, 249.5) (5, 5) (5, 494) (5, 249.5) (23, 234.75) (23, 494) (41, 494) (41, 220) (58, 206.069) (58, 494) (76, 494) (76, 191.319) (77, 188) (77, 5) (98, 5) (98, 171) (119, 165) (119, 5) (139, 5) (139, 161) (160, 158) (160, 5) (181, 5) (181, 157) (202, 157) (202, 5) (223, 5) (223, 158) (244, 161) (244, 5) (264, 5) (264, 165) (285, 171) (285, 5) (306, 5) (306, 494) (285, 494) (285, 210) (264, 216) (264, 494) (244, 494) (244, 220) (223, 223) (223, 494) (202, 494) (202, 224) (181, 224) (181, 494) (160, 494) (160, 223) (139, 220) (139, 494) (119, 494) (119, 216) (98, 210) (98, 494) (77, 494) (77, 193) 
End Tour 1

Start Tour 2
(307, 190.5) (307, 5) (328, 5) (328, 197.09) (349, 203.681) (349, 5) (369, 5) (369, 209.957) (390, 216.548) (390, 5) (411, 5) (411, 223.138) (432, 229.729) (432, 5) (452, 5) (452, 236.005) (473, 242.596) (473, 5) (494, 5) (494, 249.186) 
End Tour 2

Start Tour 3
(307, 494) (307, 190.5) (328, 197.09) (328, 494) (349, 494) (349, 203.681) (369, 209.957) (369, 494) (390, 494) (390, 216.548) (411, 223.138) (411, 494) (432, 494) (432, 229.729) (452, 236.005) (452, 494) (473, 494) (473, 242.596) (494, 249.186) (494, 494) 
End Tour 3

Start Tour 1
(76, 191.266) (76, 0) (63, 0) (63, 201.227) (51, 210.422) (51, 0) (38, 0) (38, 220.383) (25, 230.344) (25, 0) (13, 0) (13, 239.539) (0, 249.5) (0, 0) (0, 499) (0, 249.5) (13, 239.539) (13, 499) (25, 499) (25, 230.344) (38, 220.383) (38, 499) (51, 499) (51, 210.422) (63, 201.227) (63, 499) (76, 499) (76, 191.266) (90, 206) (90, 499) (103, 499) (103, 212) (116, 216) (116, 499) (129, 499) (129, 218) (142, 221) (142, 499) (156, 499) (156, 222) (169, 223) (169, 499) (182, 499) (182, 224) (195, 224) (195, 499) (208, 499) (208, 223) (221, 223) (221, 499) (234, 499) (234, 221) 
End Tour 1

Start Tour 2
(77, 188) (77, 0) (90, 0) (90, 175) (104, 169) (104, 0) (117, 0) (117, 165) (131, 162) (131, 0) (144, 0) (144, 160) (158, 159) (158, 0) (171, 0) (171, 158) (185, 157) (185, 0) (198, 0) (198, 157) (212, 158) (212, 0) (225, 0) (225, 159) (239, 160) (239, 0) (252, 0) (252, 162) (266, 165) (266, 0) (279, 0) (279, 169) (293, 175) (293, 0) (306, 0) (306, 193) (294, 229.556) (294, 205) (282, 211) (282, 256.833) (270, 282.319) (270, 215) (259, 217) (259, 305) (247, 332.5) (247, 220) (235, 221) (235, 368) (247, 355) (247, 332.5) (259, 305) (259, 349) (271, 345) (271, 279.5) (282, 256.833) (282, 343) (294, 341) (294, 229.556) (306, 195.028) (306, 339) (235, 372) (235, 499) (248, 499) (248, 386) (261, 392) (261, 499) (274, 499) (274, 395) (287, 398) (287, 499) (300, 499) (300, 400) (313, 401) (313, 499) (326, 499) (326, 402) (340, 402) (340, 499) (353, 499) (353, 401) (366, 400) (366, 499) (379, 499) (379, 398) (392, 395) (392, 499) (405, 499) (405, 392) (418, 386) (418, 499) (431, 499) (431, 372) 
End Tour 2

Start Tour 3
(307, 339) (307, 0) (321, 0) (321, 338) (335, 338) (335, 0) (348, 0) (348, 339) (362, 340) (362, 0) (376, 0) (376, 341) (390, 344) (390, 0) (403, 0) (403, 348) (417, 354) (417, 0) (431, 0) (431, 368) 
End Tour 3

Start Tour 4
(499, 251.272) (499, 0) (486, 0) (486, 274.309) (472, 299.118) (472, 0) (459, 0) (459, 322.154) (445, 346.963) (445, 0) (432, 0) (432, 499) (445, 499) (445, 346.963) (459, 322.154) (459, 499) (472, 499) (472, 299.118) (486, 274.309) (486, 499) (499, 499) (499, 251.272) 
End Tour 4
