
Start Tour 0
(0, 349.5) (0, 0) (24, 0) (24, 413.61) (48, 477.719) (48, 0) (72, 0) (72, 541.829) (105, 530) (105, 0) (136, 0) (136, 526) (168, 524) (168, 0) (169, 133) (190, 140) (190, 225.177) (211, 312.465) (211, 143) (243, 146) (243, 229.891) (276, 218) (276, 148) (308, 149) (308, 214) (340, 212) (340, 151) (372, 152) (372, 210) (404, 210) (404, 152) (437, 153) (437, 209) (469, 210) (469, 153) (501, 153) (501, 210) (533, 212) (533, 152) (565, 152) (565, 214) (597, 218) (597, 151) (629, 150) (629, 227) (658, 246.135) (658, 149) (685, 147) (685, 264.832) (713, 286.212) (713, 145) (740, 142) (740, 315.27) 
End Tour 0

Start Tour 1
(741, 316.5) (741, 142) (759, 139) (759, 229.129) (777, 137.808) (777, 133) (169, 132) (169, 0) (201, 0) (201, 124) (233, 120) (233, 0) (265, 0) (265, 118) (297, 116) (297, 0) (329, 0) (329, 115) (361, 114) (361, 0) (393, 0) (393, 113) (425, 113) (425, 0) (457, 0) (457, 112) (489, 112) (489, 0) (521, 0) (521, 113) (553, 113) (553, 0) (585, 0) (585, 114) (617, 115) (617, 0) (649, 0) (649, 116) (681, 118) (681, 0) (713, 0) (713, 120) (745, 124) (745, 0) (777, 0) (777, 132) 
End Tour 1

Start Tour 2
(169, 524) (169, 133) (190, 225.177) (190, 523) (211, 524) (211, 312.465) (212, 317) (240, 328) (240, 378.114) (268, 432.719) (268, 333) (300, 336) (300, 423) (331, 418) (331, 338) (362, 340) (362, 415) (392, 414) (392, 341) (423, 342) (423, 412) (454, 412) (454, 343) (485, 343) (485, 411) (516, 412) (516, 342) (547, 342) (547, 412) (578, 414) (578, 341) (608, 339) (608, 415) (639, 418) (639, 337) (670, 334) (670, 423) (701, 434) (701, 330) (721, 326) (721, 380.409) (740, 319.794) (712, 285.541) (712, 305) (685, 301) (685, 264.832) (657, 244.862) (657, 297) (630, 295) (630, 227.5) (597, 237) (597, 293) (565, 292) (565, 241) (533, 243) (533, 291) (501, 290) (501, 245) (469, 245) (469, 290) (436, 291) (436, 246) (404, 245) (404, 291) (372, 292) (372, 245) (340, 243) (340, 294) (308, 296) (308, 241) (276, 237) (276, 299) (244, 304) (244, 228) (212, 316) (212, 524) (240, 525) (240, 378.114) (268, 432.719) (268, 529) (288, 533) (288, 444) (307, 448) (307, 550.875) (284, 667) (284, 557) (284, 667) (307, 550.875) (307, 663) (308, 448) (308, 663) (340, 661) (340, 452) (341, 546) (358, 490) (374, 546) 
End Tour 2

Start Tour 3
(341, 546) (341, 452) (358, 453) (358, 490) (374, 546) (374, 454) (341, 661) (341, 568) (358, 624) (358, 660) (374, 660) (374, 568) (375, 660) (375, 454) (401, 456) (401, 659) (428, 658) (428, 457) (454, 457) (454, 657) (455, 553) (472, 490) (488, 553) (488, 458) (488, 553) (471, 490) (471, 458) (455, 457) (455, 657) (472, 657) (472, 639) (488, 576) (488, 657) (489, 458) (489, 657) (512, 657) (512, 458) (535, 457) (535, 656) (558, 656) (558, 456) (559, 549) (584, 498) (609, 549) (609, 453) (584, 455) (584, 498) (559, 549) (559, 456) (559, 656) (559, 565) (584, 616) (584, 656) (609, 656) (609, 565) (610, 656) (610, 453) (640, 451) (640, 656) (671, 657) (671, 446) (701, 435) (701, 657) (721, 658) (721, 380.409) (740, 319.794) (740, 658) (759, 658) (759, 229.129) (777, 137.808) (777, 659) (778, 0) (778, 659) (801, 660) (801, 0) (802, 373) (802, 0) (826, 0) (826, 203) (849, 203) (849, 0) (873, 0) (873, 665) (849, 662) (849, 587) (826, 587) (826, 661) (802, 660) (826, 203) (849, 203) (873, 373) (874, 0) (874, 665) (884, 667) (884, 0) (908, 0) (908, 525.75) (930, 0) 
End Tour 3

Start Tour 4
(931, 363) (931, 0) (952, 0) (973, 363) (973, 0) (974, 384) (974, 0) (1000, 0) (1000, 367.075) (1026, 350.151) (1026, 0) (1026, 699) (1026, 350.151) (1000, 367.075) (1000, 699) (974, 699) (974, 384) (973, 699) (973, 405) (952, 699) (931, 699) (931, 405) (930, 699) (930, 390.163) (907, 699) (885, 699) (885, 667.5) (852, 672) (852, 699) (821, 699) (821, 674) (789, 676) (789, 699) (758, 699) (758, 677) (726, 677) (726, 699) (695, 699) (695, 678) (663, 678) (663, 699) (631, 699) (631, 679) (600, 679) (600, 699) (568, 699) (568, 679) (537, 679) (537, 699) (505, 699) (505, 678) (473, 678) (473, 699) (442, 699) (442, 677) (410, 677) (410, 699) (379, 699) (379, 676) (347, 674) (347, 699) (316, 699) (316, 672) (284, 668) (284, 699) (283, 557) (283, 699) (253, 699) (253, 562) (223, 565) (223, 699) (193, 699) (193, 566) (163, 565) (163, 699) (133, 699) (133, 563) (103, 559) (103, 699) (73, 699) (73, 546) 
End Tour 4

Start Tour 5
(0, 699) (0, 349.5) (24, 413.61) (24, 699) (48, 699) (48, 477.719) (72, 541.829) (72, 699) 
End Tour 5
