
Start Tour 0
(39, 368) (39, 363) (52, 302) (52, 347.333) (65, 331.278) (65, 278) (78, 242) (78, 303.667) (91, 258.889) (91, 190) (103, 178) (103, 239.38) (116, 226.376) (116, 178) (129, 188) (129, 220.769) (142, 206.487) (142, 188) (155, 156) (155, 126.431) (142, 110) (142, 103.208) (130, 93.0297) (130, 105) (117, 105) (117, 87.0446) (105, 81.5198) (105, 105) (92, 95) (92, 68.703) (80, 51.297) (80, 75) (67, 53) (67, 34.9356) (55, 22) (55, 32) (55, 12) (55, 22) (68, 35.703) (68, 12) (80, 12) (80, 51.297) (93, 70.4901) (93, 12) (105, 12) (105, 81.5198) (118, 87.505) (118, 12) (130, 12) (130, 93.0297) (143, 105.564) (143, 12) (155, 12) (155, 126.431) (156, 12) (156, 141.5) (170, 166.827) (170, 12) (183, 12) (183, 190.345) (197, 216.517) (197, 12) (211, 12) (211, 244.324) (225, 276.878) (225, 12) (238, 12) (238, 308.289) (252, 342.845) (252, 12) (266, 12) (266, 379.344) (279, 410.755) (279, 12) (293, 12) (293, 444.924) (294, 12) (294, 433) (307, 425) (307, 12) (319, 12) (319, 423) 
End Tour 0

Start Tour 1
(320, 358) (320, 12) (333, 12) (333, 354) (346, 343) (346, 12) (360, 12) (360, 343) (373, 348) (373, 12) (386, 12) (386, 339) (399, 331) (399, 12) (412, 12) (412, 328) (426, 327) (426, 12) (439, 12) (439, 327) (452, 329) (452, 12) (453, 341.5) (453, 12) (466, 12) (466, 320.096) (480, 297.47) (480, 12) (493, 12) (493, 277.559) (506, 263.307) (506, 12) (520, 12) (520, 251.847) (533, 240.754) (533, 12) (546, 12) (546, 225.83) (560, 210.541) (560, 12) (573, 12) (573, 196.472) (586, 183.187) (586, 12) (600, 12) (600, 170.227) (613, 158.313) (613, 12) (626, 12) (626, 146.694) (640, 135.494) (640, 12) (653, 12) (653, 126.214) 
End Tour 1

Start Tour 2
(654, 111) (654, 12) (667, 12) (667, 92.0532) (681, 82.2234) (681, 12) (694, 12) (694, 76.5532) (707, 87.0319) (707, 54) (720, 58) (720, 77.4681) (734, 68.9149) (734, 58) (747, 60) (734, 77) (734, 68.9149) (720, 77.4681) (720, 88) (707, 100) (707, 87.0319) (694, 76.5532) (694, 94) (681, 94) (681, 82.2234) (667, 92.0532) (667, 98) (654, 111) (654, 140) (665, 158) (665, 195.415) (676, 244.237) (676, 159) (686, 168) (686, 290.899) (697, 341.693) (697, 178) (698, 330) (698, 179) (711, 184) (711, 306) (724, 293) (724, 184) (736, 184) (736, 288) (749, 283) (749, 184) (762, 184) (762, 274) (775, 273) (775, 184) (787, 183) (800, 361) (800, 179) (801, 375) (801, 178) (810, 167) (810, 267.625) (818, 121) (805, 61.6111) (805, 69) (791, 43) (791, 34.963) (778, 18.2037) (778, 22) (765, 13) (778, 12) (778, 18.2037) (792, 36.75) (792, 12) (805, 12) (805, 61.6111) (818, 119.991) (818, 12) (819, 135) (819, 12) (831, 12) (831, 351.462) 
End Tour 2

Start Tour 3
(832, 356) (832, 12) (845, 12) (845, 333.172) (858, 318.557) (858, 12) (871, 12) (871, 305.943) (884, 295.82) (884, 23) (897, 68) (897, 292.516) (910, 284.033) (910, 70) (923, 71) (923, 276.874) (936, 270.29) (936, 72) (949, 72) (949, 261.131) (962, 252.481) (962, 70) (975, 68) (975, 244.085) (988, 235.836) (988, 66) (1001, 63) (1001, 227.167) (1014, 216.344) (1014, 61) (1014, 370) (1014, 216.344) (1001, 227.167) (1001, 368) (988, 362) (988, 235.836) (975, 244.085) (975, 357) (962, 353) (962, 252.481) (949, 261.131) (949, 350) (936, 349) (936, 270.29) (923, 276.874) (923, 345) (910, 342) (910, 284.033) (897, 292.516) (897, 341) (884, 341) (884, 295.82) (871, 305.943) (871, 341) (858, 342) (858, 318.557) (845, 333.172) (845, 345) (832, 356) (832, 383) (845, 403) (845, 413.123) (858, 425.104) (858, 405) (871, 405) (871, 435.156) (884, 441.776) (884, 401) (897, 394) (897, 446.213) (910, 457.443) (910, 395) (923, 397) (923, 469.352) (936, 479.689) (936, 397) (949, 396) (949, 489.344) (962, 503.585) (962, 402) (975, 415) (975, 521.664) (988, 535.377) (988, 422) (1001, 429) (1001, 548.593) (1014, 560.809) (1014, 435) 
End Tour 3

Start Tour 4
(1014, 688) (1014, 560.809) (1001, 548.593) (1001, 688) (988, 688) (988, 535.377) (975, 521.664) (975, 688) (962, 688) (962, 503.585) (949, 489.344) (949, 688) (936, 688) (936, 479.689) (923, 469.352) (923, 688) (910, 688) (910, 457.443) (897, 446.213) (897, 688) (884, 688) (884, 441.776) (871, 435.156) (871, 688) (858, 688) (858, 425.104) (845, 413.123) (845, 688) (832, 688) (832, 383) (831, 688) (819, 135) (819, 688) 
End Tour 4

Start Tour 5
(818, 688) (818, 160.567) (809, 688) (801, 688) (801, 375) (800, 688) (800, 389) (786, 409) (786, 688) (773, 688) (773, 409) (759, 407) (759, 688) (746, 688) (746, 402) (745, 579.222) (731, 589) (731, 592.018) (718, 604.065) (718, 599) (704, 608) (704, 614.829) (691, 622.272) (691, 614) (677, 620) (677, 629.537) (663, 634.797) (663, 624) (650, 626) (650, 638.098) (636, 641.415) (636, 628) (622, 629) (622, 643.87) (609, 646.872) (609, 631) (595, 632) (595, 649.187) (582, 652) (582, 634) (568, 637) (568, 655.451) (554, 663) (554, 647) (541, 656) (541, 669.333) (527, 675.793) (527, 666) (514, 675) (514, 681.13) (500, 683.5) (514, 681.13) (514, 688) (527, 688) (527, 675.793) (541, 669.333) (541, 688) (554, 688) (554, 663) (568, 655.451) (568, 688) (582, 688) (582, 652) (595, 649.187) (595, 688) (609, 688) (609, 646.872) (623, 643.75) (623, 688) (636, 688) (636, 641.415) (650, 638.098) (650, 688) (663, 688) (663, 634.797) (677, 629.537) (677, 688) (691, 688) (691, 622.272) (704, 614.829) (704, 688) (718, 688) (718, 604.065) (731, 592.018) (731, 688) (745, 688) (745, 402) (733, 394) (733, 543) (721, 533) (721, 383) (710, 380) (710, 523) (698, 516) (698, 361) (697, 516) (697, 341.693) (686, 290.899) (686, 509) (675, 471) (675, 232.794) (665, 195.415) (665, 460) (654, 455) (654, 140) 
End Tour 5

Start Tour 6
(453, 580) (453, 341.5) (466, 320.096) (466, 563) (480, 544) (480, 297.47) (493, 277.559) (493, 527) (506, 520) (506, 263.307) (520, 251.847) (520, 520) (533, 519) (533, 240.754) (546, 225.83) (546, 509) (560, 499) (560, 210.541) (573, 196.472) (573, 489) (586, 480) (586, 183.187) (600, 170.227) (600, 473) (613, 466) (613, 158.313) (626, 146.694) (626, 459) (640, 455) (640, 135.494) (653, 126.214) (653, 455) 
End Tour 6

Start Tour 7
(452, 582) (452, 355.498) (439, 385.61) (439, 599) (426, 623) (426, 453.534) (412, 480.211) (412, 649) (399, 653) (399, 501.355) (386, 511.5) (386, 633) (386, 416) (386, 511.5) (399, 501.355) (399, 418) (412, 418) (412, 480.211) (426, 453.534) (426, 417) (439, 364) (439, 385.61) (452, 355.498) (452, 329) (412, 328) (399, 331) (373, 348) (360, 343) (346, 343) (333, 354) (320, 358) (320, 423) (320, 400) (333, 418) (333, 423) (346, 429) (346, 418) (359, 413) (359, 430) (372, 463) (372, 406) (385, 415) (385, 632) (372, 612) (372, 548) (359, 559) (359, 593) (346, 584) (346, 560) (333, 560) (333, 584) (320, 579) (320, 526) (307, 515) (307, 573) (294, 566) (294, 461) (293, 565) (293, 444.924) (279, 410.755) (279, 558) (266, 551) (266, 379.344) (252, 342.845) (252, 538) (238, 526) (238, 308.289) (224, 274.47) (224, 513) (211, 501) (211, 244.324) (197, 216.517) (197, 496) (183, 494) (183, 190.345) (170, 166.827) (170, 494) (156, 494) (156, 141.5) (155, 495) (155, 157.449) (142, 206.487) (142, 497) (129, 472) (129, 220.769) (116, 226.376) (116, 461) (103, 449) (103, 239.38) (91, 258.889) (91, 438) (78, 427) (78, 303.667) (65, 331.278) (65, 415) (52, 404) (52, 347.333) (39, 368) (39, 373) 
End Tour 7
